105 2000 35 Good
105 2005 38 Good
105 2010 42 Getting Bad
105 2015 50 Alarming
101 2000 35 Good
101 2005 38 Good
101 2010 42 Getting Bad
101 2015 49 Alarming
102 2000 35 Good
102 2005 38 Good
102 2010 42 Getting Bad
102 2015 47 Alarming
103 2000 35 Good
103 2005 38 Good
103 2010 42 Getting Bad
103 2015 45 Alarming
104 2000 35 Good
104 2005 38 Good
104 2010 42 Getting Bad
104 2015 44 Alarming
105 2015 47 Alarming
106 2000 27 Good
107 2005 45 Alarming
108 2010 35 Good
109 2015 24 Good
110 2000 29 Good
111 2005 28 Good
112 2010 38 Good
113 2015 30 Good
114 2015 31 Good
115 2015 34 Good
